2440958
5220126
2684709
8211070
2882482
1423540
5285637
4265185
3012167
1425221
2882833
2436756
1427915
1428334
5365576
2882835
8059811
2522210
5333412
5051273
5332004
2914547
2702717
3027648
2436940
7872906
2701311
2730185
7562246
2730127
2705975
2726894
1424038
2724925
8925249
4270733
1315050
1422001
2682851
5602614
5357013
2888811
2724609
2726725
2888292
2679696
7952072
1421161
5275365
5415065
5755302
2701727
1434182
5289877
7296321
5331355
3040249
5410907
9148812
5372876
5334220
3191030
9118014
5371685
2679715
3033312
2889299
2704930
2729473
5341449
8211958
5347644
5333411
1920494
5219243
2700934
2701339
2888951
2688495
1314847
3033363
4470765
4471113
5358748
8165236
7270427
2726956
3113239
8208358
3120060
2706164
5135191
1437978
3027640
1037319
7874883
2873865
2675446
3085458
2882580
2522326
9063248
2722383
3172049
5053104
3992189
7960979
5341297
2723521
2650832
3033263
2688197
2706490
2701261
2522171
7104074
2682005
2700859
5331916
2729936
3191414
2840931
1429207
3033339
2522137
2725816
7972010
5414202
3033134
3020532
4276916
2687937
2702789
5238864
5275012
2998290
2727907
2888310
2816213
1911461
3117424
1340341
2725414
5414995
5054150
5054160
2705495
5354656
1861395
2987999
5301226
1340298
3120333
2704922
4017779
2679710
2701418
4470555
2913130
2706465
8179794
8890062
3712747
2876213
8353146
5341511
5356393
2688393
2888272
5260693
2687929
3149879
3546245
2688420
3112801
2706435
5219019
1894840
2601343
2993094
2609969
2679711
3113745
3189080
5384754
2669006
3103192
2682836
8068424
3025029
3172043
7693914
7932677
2728963
1340405
3389383
1423395
2601174
5054529
2651495
2608090
3033289
2687932
3104537
2700736
2426805
6026760
7086494
3113414
7874303
2927078
5054612
3082246
5219616
2706163
2724150
2914338
5371864
8073364
4473874
7843979
5371818
2722942
7247635
2705308
2673622
2726614
2605342
2889358
5372952
5369701
1314841
5385604
7103992
2888995
2669002
2700785
1896841
5283780
1340305
3172050
2675979
4480485
6428353
2700795
2538552
2669241
5373083
8324121
2728870
5275103
2891147
8388117
3171712
3133512
3021037
5710930
3172057
11103124
10760205
3189767
2704179
2651113
2676100
2985688
3085402
5361773
2473421
9854176
2727938
5421111
1429997
2651330
2888763
5301147
6446462
9004024
2864429
3063016
7526486
8344892
2701571
8657424
5403296
5404542
7322764
2606557
8168319
2610322
2717493
2724584
1912325
2679707
4280844
2679436
2681972
1357540
2522245
5384606
2865280
5228676
9702100
2538524
2717002
5366215
7918641
2728531
3093702
4553358
8073311
6435002
2710592
2725388
2704395
5218823
2650165
5286350
8952395
2538445
2607648
2810284
2606023
2609261
8135515
2668996
2609422
2689218
2913556
2669224
2668970
5384616
3171734
2520773
2703250
1314960
3034830
1318848
2487883
2875979
2951984
4889932
4921778
5384738
6221746
1428345
3032585
1340308
2650818
5341184
2704951
5261338
11071158
7601217
10474267
2726592
3128225
2601171
2608944
4481359
3172072
5282688
2687942
2728174
2889011
5147681
5149499
12153620
2673408
2975287
3032783
4533671
7421154
2601180
2605852
3046076
8285827
2498326
2601169
2676867
5414335
6364299
2437760
5753612
2605275
2689212
2481800
2601313
2669053
2810246
2702361
5356701
7702019
10375240
1919712
2607624
5283962
7924597
2605963
2650716
8336798
2674289
4481911
5281511
10874213
2882437
2494422
5290149
2914396
5227679
7653258
2701939
3085444
5275132
2601162
2606030
7475082
2669113
5281510
5289756
5384604
7865305
1898286
2689264
4149465
8915858
2674329
5217160
2605955
2669139
2670176
2700828
8397404
1581812
2890668
3189068
3291564
3085450
6413649
9364935
2600423
2605261
2608759
8215487
8272844
1340362
2669112
2689507
4107552
10704652
1710755
7506968
2004039
2522229
2601149
2727655
2974786
9314786
2495093
5284827
5331258
2787993
2992808
7250766
2926901
